Webots Project File version R2021a
perspectives: 000000ff00000000fd00000003000000000000000000000000fc0100000001fb0000001a0044006f00630075006d0065006e0074006100740069006f006e0000000000ffffffff0000006900ffffff00000001000003a9000002f8fc0200000001fb0000001400540065007800740045006400690074006f00720100000016000002f80000008900ffffff000000030000073d000000dbfc0100000001fb0000001a0043006f006e0073006f006c00650041006c006c0041006c006c01000000000000073d0000006900ffffff00000392000002f800000001000000020000000100000008fc00000000
simulationViewPerspectives: 000000ff000000010000000200000100000002900100000002010000000100
sceneTreePerspectives: 000000ff0000000100000002000000c0000000000100000002010000000200
minimizedPerspectives: 000000ff00000000fd000000030000000000000506000007b3fc0100000002fb0000001e00480074006d006c0052006f0062006f007400570069006e0064006f00770000000000000005060000000000000000fb0000001a0044006f00630075006d0065006e0074006100740069006f006e0000000000ffffffff0000006900ffffff000000010000032f000001b5fc0200000001fb0000001400540065007800740045006400690074006f00720100000016000001b50000008900ffffff000000030000073d0000021efc0100000002fb0000001a0043006f006e0073006f006c00650041006c006c0041006c006c01000000000000073d0000006900fffffffb0000000e0043006f006e0073006f006c0065010000000000000f0000000000000000000000040c000001b500000001000000020000000100000008fc00000000
maximizedDockId: -1
centralWidgetVisible: 1
projectionMode: PERSPECTIVE
orthographicViewHeight: 1
textFiles: 3 "controllers/localization_controller/localization_controller.c" "controllers/fitness_super/fitness_super.c" "controllers/localization_controller/odometry.c" "controllers/localization_controller/kalman_filter.c" "controllers/localization_controller/Makefile" "controllers/localization_controller/light_matrix.c"
consoles: Console:All:All
renderingDevicePerspectives: e-puck:camera;1;0.820513;0;0.0893617
